export const Lights = {
  metadata: { version: 4.5, type: 'Object', generator: 'Object3D.toJSON' },
  geometries: [],
  materials: [],
  object: {
    uuid: '3574BE0D-18B2-4E59-BCE5-ED8A1BD4AEDD',
    name: 'legacy scene',
    type: 'Scene',
    layers: 1,
    matrix: [1, 0, 0, 0, 0, 1, 0, 0, 0, 0, 1, 0, 0, 0, 0, 1],
    children: [
      {
        uuid: 'EC8400BC-E148-4492-828C-3166D96578BC',
        type: 'Scene',
        layers: 1,
        matrix: [1, 0, 0, 0, 0, 1, 0, 0, 0, 0, 1, 0, 0, 0, 0, 1],
        children: [
          {
            uuid: '960FBE44-F0BA-4D9B-858E-89F638AD368F',
            type: 'AmbientLight',
            name: 'ambient light',
            visible: false,
            layers: 1,
            matrix: [1, 0, 0, 0, 0, 1, 0, 0, 0, 0, 1, 0, 0, 0, 0, 1],
            color: 16777215,
            intensity: 0.1,
          },
          {
            uuid: '24F93D5D-2EA1-4FBB-B632-D043DE551B3D',
            type: 'DirectionalLight',
            name: 'key light',
            castShadow: false,
            layers: 1,
            matrix: [
              -0.7071067656371053, 6.754754806464302e-9, -0.7071067725327562, 0,
              0.29153620684790577, 0.9110506246660953, -0.2915361953019046, 0,
              0.6442100964691975, -0.4122944626615314, -0.6442100941254213, 0,
              -500, 320, 500, 1,
            ],
            color: 16777215,
            intensity: 2.66,
            shadow: {
              camera: {
                uuid: '54407FA1-2E73-4C64-93DA-51CAEEF7405A',
                type: 'OrthographicCamera',
                layers: 1,
                zoom: 1,
                left: -5,
                right: 5,
                top: 5,
                bottom: -5,
                near: 0.5,
                far: 500,
              },
            },
          },
          {
            uuid: '6E96FB4F-245A-483B-AF81-335EDBDBBAFB',
            type: 'DirectionalLight',
            name: 'fill light',
            castShadow: false,
            layers: 1,
            matrix: [
              -0.9284766932811013, -1.4987283817172068e-9, 0.3713906654502781,
              0, -0.03433508010920314, 0.9957173467239699, -0.0858376989964838,
              0, -0.3698001256798019, -0.09245003062522153, -0.9245003441009845,
              0, 200, 50, 500, 1,
            ],
            color: 16777215,
            intensity: 0.8,
            shadow: {
              camera: {
                uuid: '0487F5DB-B1EC-41DC-A6A9-669B29952A4A',
                type: 'OrthographicCamera',
                layers: 1,
                zoom: 1,
                left: -5,
                right: 5,
                top: 5,
                bottom: -5,
                near: 0.5,
                far: 500,
              },
            },
          },
          {
            uuid: 'C28A8D25-B9D1-48A0-B62B-9148EC90A4A9',
            type: 'DirectionalLight',
            name: 'back light',
            castShadow: false,
            layers: 1,
            matrix: [
              1, 0, 0, 0, 0, 0.9805806875228882, 0.1961161345243454, 0, 0,
              -0.1961161345243454, 0.9805806875228882, 0, 0, 100, -500, 1,
            ],
            color: 16777215,
            intensity: 3.2,
            shadow: {
              camera: {
                uuid: 'F2237991-9A7C-4F31-998C-245B588FCDF8',
                type: 'OrthographicCamera',
                layers: 1,
                zoom: 1,
                left: -5,
                right: 5,
                top: 5,
                bottom: -5,
                near: 0.5,
                far: 500,
              },
            },
          },
          {
            uuid: '9E62BB54-A9BD-4C01-BC05-3C9726EB49B1',
            type: 'DirectionalLight',
            name: 'left light',
            castShadow: false,
            layers: 1,
            matrix: [
              2.220446049250313e-16, 0, 1, 0, 0, 1, 0, 0, -1, 0,
              2.220446049250313e-16, 0, 1, 0, 0, 1,
            ],
            color: 16777215,
            intensity: 1.1,
            shadow: {
              camera: {
                uuid: '53559DFA-9519-4C10-B890-E4EBC4C3A435',
                type: 'OrthographicCamera',
                layers: 1,
                zoom: 1,
                left: -5,
                right: 5,
                top: 5,
                bottom: -5,
                near: 0.5,
                far: 500,
              },
            },
          },
          {
            uuid: '9542A084-26A4-4979-BF60-8B70376F34ED',
            type: 'DirectionalLight',
            name: 'right light',
            castShadow: false,
            layers: 1,
            matrix: [
              2.220446049250313e-16, 0, -1, 0, 0, 1, 0, 0, 1, 0,
              2.220446049250313e-16, 0, -1, 0, 0, 1,
            ],
            color: 16777215,
            intensity: -0.61,
            shadow: {
              camera: {
                uuid: '96E03863-000C-48E8-9138-81A6DA0526F0',
                type: 'OrthographicCamera',
                layers: 1,
                zoom: 1,
                left: -5,
                right: 5,
                top: 5,
                bottom: -5,
                near: 0.5,
                far: 500,
              },
            },
          },
        ],
      },
    ],
  },
};

export const Lights1 = {"metadata":{"version":4.5,"type":"Object","generator":"Object3D.toJSON"},"geometries":[],"materials":[],"object":{"uuid":"3574BE0D-18B2-4E59-BCE5-ED8A1BD4AEDD","name":"legacy scene with v2 lighting","type":"Scene","layers":1,"matrix":[1,0,0,0,0,1,0,0,0,0,1,0,0,0,0,1],"children":[{"uuid":"EC8400BC-E148-4492-828C-3166D96578BC","type":"Scene","layers":1,"matrix":[1,0,0,0,0,1,0,0,0,0,1,0,0,0,0,1],"children":[{"uuid":"D139D00B-97A6-4518-9468-98A7E716BC61","type":"PerspectiveCamera","name":"camera","layers":1,"matrix":[0.8835337118012839,-1.0792509494055205e-8,-0.4683675551006106,0,-0.15017910729181633,0.9471998781546811,-0.283299543018754,0,0.44363769058496677,0.32064371550518717,0.8368830157598569,0,0.525762140750885,0.3799999952316284,0.9918035268783569,1],"fov":45,"zoom":1,"near":0.02,"far":15,"focus":10,"aspect":0.7026548672566372,"filmGauge":35,"filmOffset":0},{"uuid":"06C632C4-948E-4E53-A94E-18E238558E2D","type":"OrthographicCamera","name":"cameraOrthographic","layers":1,"matrix":[1,0,0,0,0,1,0,0,0,0,1,0,0,0,1,1],"zoom":1,"left":-1,"right":1,"top":1,"bottom":-1,"near":0.1,"far":2000},{"uuid":"960FBE44-F0BA-4D9B-858E-89F638AD368F","type":"AmbientLight","name":"ambient light","visible":false,"layers":1,"matrix":[1,0,0,0,0,1,0,0,0,0,1,0,0,0,0,1],"color":16777215,"intensity":0},{"uuid":"E7980D1B-3A70-499E-B0BD-C14B9B63FE5B","type":"DirectionalLight","name":"camera light","userData":{"lockLightForEnvMap":true},"castShadow":false,"layers":1,"matrix":[1,0,0,0,0,1,0,0,0,0,1,0,0.13862768374585413,0.35794684478143973,1.9417834483566423,1],"color":16777215,"intensity":2.68,"shadow":{"camera":{"uuid":"023F1CBD-4773-4AEB-AF1B-DDAE7C37D996","type":"OrthographicCamera","layers":1,"zoom":1,"left":-5,"right":5,"top":5,"bottom":-5,"near":0.5,"far":500}}},{"uuid":"24F93D5D-2EA1-4FBB-B632-D043DE551B3D","type":"DirectionalLight","name":"key light","castShadow":false,"layers":1,"matrix":[-0.7071067656371053,6.754754806464302e-9,-0.7071067725327562,0,0.29153620684790577,0.9110506246660953,-0.2915361953019046,0,0.6442100964691975,-0.4122944626615314,-0.6442100941254213,0,-500,320,500,1],"color":16777215,"intensity":0.62,"shadow":{"camera":{"uuid":"54407FA1-2E73-4C64-93DA-51CAEEF7405A","type":"OrthographicCamera","layers":1,"zoom":1,"left":-5,"right":5,"top":5,"bottom":-5,"near":0.5,"far":500}}},{"uuid":"6E96FB4F-245A-483B-AF81-335EDBDBBAFB","type":"DirectionalLight","name":"fill light","castShadow":false,"layers":1,"matrix":[-0.9284766932811013,-1.4987283817172068e-9,0.3713906654502781,0,-0.03433508010920314,0.9957173467239699,-0.0858376989964838,0,-0.3698001256798019,-0.09245003062522153,-0.9245003441009845,0,200,50,500,1],"color":16777215,"intensity":0.42,"shadow":{"camera":{"uuid":"0487F5DB-B1EC-41DC-A6A9-669B29952A4A","type":"OrthographicCamera","layers":1,"zoom":1,"left":-5,"right":5,"top":5,"bottom":-5,"near":0.5,"far":500}}},{"uuid":"C28A8D25-B9D1-48A0-B62B-9148EC90A4A9","type":"DirectionalLight","name":"back light","castShadow":false,"layers":1,"matrix":[1,0,0,0,0,0.9805806875228882,0.1961161345243454,0,0,-0.1961161345243454,0.9805806875228882,0,0,100,-500,1],"color":16777215,"intensity":0.48,"shadow":{"camera":{"uuid":"F2237991-9A7C-4F31-998C-245B588FCDF8","type":"OrthographicCamera","layers":1,"zoom":1,"left":-5,"right":5,"top":5,"bottom":-5,"near":0.5,"far":500}}},{"uuid":"9E62BB54-A9BD-4C01-BC05-3C9726EB49B1","type":"DirectionalLight","name":"left light","castShadow":false,"layers":1,"matrix":[2.220446049250313e-16,0,1,0,0,1,0,0,-1,0,2.220446049250313e-16,0,1,0,0,1],"color":16777215,"intensity":0.36,"shadow":{"camera":{"uuid":"53559DFA-9519-4C10-B890-E4EBC4C3A435","type":"OrthographicCamera","layers":1,"zoom":1,"left":-5,"right":5,"top":5,"bottom":-5,"near":0.5,"far":500}}},{"uuid":"9542A084-26A4-4979-BF60-8B70376F34ED","type":"DirectionalLight","name":"right light","castShadow":false,"layers":1,"matrix":[2.220446049250313e-16,0,-1,0,0,1,0,0,1,0,2.220446049250313e-16,0,-1,0,0,1],"color":16777215,"intensity":0.52,"shadow":{"camera":{"uuid":"96E03863-000C-48E8-9138-81A6DA0526F0","type":"OrthographicCamera","layers":1,"zoom":1,"left":-5,"right":5,"top":5,"bottom":-5,"near":0.5,"far":500}}}]}]}}

export const ClothkeyMap = {
  领座: 'Pattern2D_2361708',
  领面: 'Pattern2D_70819',
  前主外布: 'Pattern2D_486144',
  后主外布: 'Pattern2D_483306',
  前下外布: 'Pattern2D_486129',
  后下外布: 'Pattern2D_483920',
  左袖领: 'Pattern2D_484659',
  右袖领: 'Pattern2D_485516',
  左外袖: 'Pattern2D_484674',
  右外袖: 'Pattern2D_485220',
  前主里布: 'Pattern2D_486144_1',
  后主里布: 'Pattern2D_483306_1',
  左里袖: 'Pattern2D_484674_1',
  右里袖: 'Pattern2D_485220_1',
  后领下: 'Pattern2D_2361709',
};
